4.500000000000000000e+01 1.080000000000000000e+02
5.300000000000000000e+01 8.900000000000000000e+01
5.400000000000000000e+01 1.280000000000000000e+02
5.700000000000000000e+01 1.070000000000000000e+02
5.700000000000000000e+01 9.800000000000000000e+01
5.900000000000000000e+01 1.230000000000000000e+02
6.000000000000000000e+01 9.700000000000000000e+01
6.000000000000000000e+01 1.100000000000000000e+02
6.000000000000000000e+01 1.040000000000000000e+02
6.100000000000000000e+01 1.100000000000000000e+02
6.300000000000000000e+01 1.150000000000000000e+02
6.300000000000000000e+01 9.900000000000000000e+01
6.400000000000000000e+01 1.160000000000000000e+02
6.500000000000000000e+01 1.060000000000000000e+02
6.600000000000000000e+01 1.140000000000000000e+02
6.600000000000000000e+01 1.130000000000000000e+02
6.700000000000000000e+01 1.110000000000000000e+02
6.700000000000000000e+01 1.100000000000000000e+02
6.700000000000000000e+01 1.190000000000000000e+02
6.800000000000000000e+01 8.100000000000000000e+01
6.800000000000000000e+01 9.300000000000000000e+01
6.800000000000000000e+01 1.010000000000000000e+02
6.900000000000000000e+01 1.010000000000000000e+02
6.900000000000000000e+01 1.000000000000000000e+02
6.900000000000000000e+01 7.400000000000000000e+01
6.900000000000000000e+01 1.240000000000000000e+02
6.900000000000000000e+01 1.360000000000000000e+02
7.100000000000000000e+01 1.220000000000000000e+02
7.100000000000000000e+01 8.400000000000000000e+01
7.300000000000000000e+01 1.040000000000000000e+02
7.300000000000000000e+01 1.090000000000000000e+02
7.300000000000000000e+01 1.190000000000000000e+02
7.400000000000000000e+01 9.300000000000000000e+01
7.400000000000000000e+01 9.700000000000000000e+01
7.400000000000000000e+01 1.360000000000000000e+02
7.500000000000000000e+01 9.900000000000000000e+01
7.500000000000000000e+01 1.290000000000000000e+02
7.500000000000000000e+01 8.800000000000000000e+01
7.600000000000000000e+01 1.200000000000000000e+02
7.600000000000000000e+01 1.010000000000000000e+02
7.600000000000000000e+01 9.800000000000000000e+01
7.600000000000000000e+01 9.300000000000000000e+01
7.600000000000000000e+01 1.120000000000000000e+02
7.600000000000000000e+01 1.080000000000000000e+02
7.700000000000000000e+01 1.170000000000000000e+02
7.700000000000000000e+01 1.330000000000000000e+02
7.700000000000000000e+01 8.600000000000000000e+01
7.800000000000000000e+01 8.600000000000000000e+01
7.800000000000000000e+01 1.070000000000000000e+02
7.800000000000000000e+01 1.380000000000000000e+02
7.800000000000000000e+01 9.100000000000000000e+01
7.800000000000000000e+01 1.100000000000000000e+02
7.900000000000000000e+01 1.210000000000000000e+02
7.900000000000000000e+01 7.700000000000000000e+01
7.900000000000000000e+01 1.290000000000000000e+02
7.900000000000000000e+01 9.900000000000000000e+01
8.000000000000000000e+01 1.170000000000000000e+02
8.000000000000000000e+01 1.000000000000000000e+02
8.000000000000000000e+01 1.240000000000000000e+02
8.100000000000000000e+01 1.030000000000000000e+02
8.100000000000000000e+01 9.300000000000000000e+01
8.200000000000000000e+01 1.140000000000000000e+02
8.300000000000000000e+01 9.700000000000000000e+01
8.300000000000000000e+01 8.200000000000000000e+01
8.300000000000000000e+01 9.400000000000000000e+01
8.400000000000000000e+01 1.140000000000000000e+02
8.400000000000000000e+01 9.000000000000000000e+01
8.400000000000000000e+01 1.230000000000000000e+02
8.400000000000000000e+01 1.120000000000000000e+02
8.400000000000000000e+01 1.040000000000000000e+02
8.400000000000000000e+01 1.070000000000000000e+02
8.400000000000000000e+01 1.210000000000000000e+02
8.500000000000000000e+01 9.600000000000000000e+01
8.500000000000000000e+01 1.100000000000000000e+02
8.500000000000000000e+01 8.500000000000000000e+01
8.600000000000000000e+01 1.010000000000000000e+02
8.600000000000000000e+01 9.700000000000000000e+01
8.600000000000000000e+01 1.050000000000000000e+02
8.700000000000000000e+01 8.800000000000000000e+01
8.700000000000000000e+01 1.130000000000000000e+02
8.700000000000000000e+01 1.000000000000000000e+02
8.700000000000000000e+01 8.300000000000000000e+01
8.800000000000000000e+01 1.010000000000000000e+02
8.900000000000000000e+01 8.900000000000000000e+01
8.900000000000000000e+01 9.500000000000000000e+01
8.900000000000000000e+01 7.400000000000000000e+01
9.000000000000000000e+01 9.200000000000000000e+01
9.000000000000000000e+01 9.000000000000000000e+01
9.000000000000000000e+01 1.220000000000000000e+02
9.000000000000000000e+01 1.200000000000000000e+02
9.100000000000000000e+01 9.600000000000000000e+01
9.100000000000000000e+01 1.050000000000000000e+02
9.200000000000000000e+01 9.600000000000000000e+01
9.300000000000000000e+01 1.030000000000000000e+02
9.300000000000000000e+01 1.010000000000000000e+02
9.400000000000000000e+01 1.120000000000000000e+02
9.400000000000000000e+01 1.050000000000000000e+02
9.400000000000000000e+01 1.320000000000000000e+02
9.500000000000000000e+01 1.150000000000000000e+02
9.500000000000000000e+01 1.280000000000000000e+02
9.600000000000000000e+01 8.000000000000000000e+01
9.600000000000000000e+01 1.030000000000000000e+02
9.600000000000000000e+01 9.000000000000000000e+01
9.600000000000000000e+01 1.100000000000000000e+02
9.700000000000000000e+01 9.800000000000000000e+01
9.700000000000000000e+01 1.150000000000000000e+02
9.700000000000000000e+01 1.180000000000000000e+02
9.800000000000000000e+01 9.000000000000000000e+01
9.800000000000000000e+01 9.100000000000000000e+01
9.800000000000000000e+01 1.260000000000000000e+02
9.900000000000000000e+01 1.100000000000000000e+02
1.000000000000000000e+02 9.600000000000000000e+01
1.010000000000000000e+02 1.070000000000000000e+02
1.020000000000000000e+02 9.600000000000000000e+01
1.020000000000000000e+02 9.400000000000000000e+01
1.020000000000000000e+02 6.100000000000000000e+01
1.020000000000000000e+02 1.050000000000000000e+02
1.030000000000000000e+02 1.120000000000000000e+02
1.030000000000000000e+02 9.000000000000000000e+01
1.030000000000000000e+02 9.500000000000000000e+01
1.040000000000000000e+02 5.200000000000000000e+01
1.040000000000000000e+02 3.900000000000000000e+01
1.040000000000000000e+02 1.140000000000000000e+02
1.060000000000000000e+02 4.700000000000000000e+01
1.060000000000000000e+02 4.800000000000000000e+01
1.070000000000000000e+02 1.180000000000000000e+02
1.070000000000000000e+02 8.900000000000000000e+01
1.080000000000000000e+02 8.500000000000000000e+01
1.080000000000000000e+02 1.310000000000000000e+02
1.100000000000000000e+02 5.300000000000000000e+01
1.110000000000000000e+02 5.600000000000000000e+01
1.120000000000000000e+02 3.700000000000000000e+01
1.130000000000000000e+02 3.900000000000000000e+01
1.140000000000000000e+02 2.900000000000000000e+01
1.140000000000000000e+02 4.400000000000000000e+01
1.140000000000000000e+02 5.200000000000000000e+01
1.140000000000000000e+02 4.100000000000000000e+01
1.150000000000000000e+02 6.100000000000000000e+01
1.150000000000000000e+02 2.500000000000000000e+01
1.150000000000000000e+02 1.120000000000000000e+02
1.160000000000000000e+02 5.400000000000000000e+01
1.160000000000000000e+02 1.010000000000000000e+02
1.160000000000000000e+02 5.200000000000000000e+01
1.170000000000000000e+02 4.900000000000000000e+01
1.170000000000000000e+02 2.500000000000000000e+01
1.180000000000000000e+02 4.500000000000000000e+01
1.180000000000000000e+02 2.400000000000000000e+01
1.190000000000000000e+02 4.400000000000000000e+01
1.190000000000000000e+02 3.300000000000000000e+01
1.190000000000000000e+02 5.000000000000000000e+01
1.190000000000000000e+02 1.900000000000000000e+01
1.190000000000000000e+02 6.800000000000000000e+01
1.200000000000000000e+02 5.100000000000000000e+01
1.200000000000000000e+02 3.800000000000000000e+01
1.220000000000000000e+02 1.900000000000000000e+01
1.220000000000000000e+02 4.200000000000000000e+01
1.240000000000000000e+02 5.300000000000000000e+01
1.240000000000000000e+02 4.100000000000000000e+01
1.250000000000000000e+02 2.900000000000000000e+01
1.250000000000000000e+02 5.900000000000000000e+01
1.260000000000000000e+02 6.300000000000000000e+01
1.260000000000000000e+02 4.800000000000000000e+01
1.260000000000000000e+02 3.200000000000000000e+01
1.260000000000000000e+02 5.200000000000000000e+01
1.260000000000000000e+02 3.800000000000000000e+01
1.260000000000000000e+02 4.500000000000000000e+01
1.270000000000000000e+02 2.900000000000000000e+01
1.270000000000000000e+02 4.800000000000000000e+01
1.280000000000000000e+02 2.400000000000000000e+01
1.280000000000000000e+02 4.300000000000000000e+01
1.280000000000000000e+02 7.100000000000000000e+01
1.290000000000000000e+02 4.100000000000000000e+01
1.290000000000000000e+02 3.100000000000000000e+01
1.290000000000000000e+02 5.800000000000000000e+01
1.290000000000000000e+02 2.100000000000000000e+01
1.300000000000000000e+02 1.700000000000000000e+01
1.300000000000000000e+02 4.100000000000000000e+01
1.310000000000000000e+02 3.100000000000000000e+01
1.310000000000000000e+02 2.300000000000000000e+01
1.330000000000000000e+02 2.900000000000000000e+01
1.330000000000000000e+02 6.000000000000000000e+01
1.330000000000000000e+02 3.800000000000000000e+01
1.330000000000000000e+02 5.800000000000000000e+01
1.340000000000000000e+02 5.800000000000000000e+01
1.340000000000000000e+02 5.300000000000000000e+01
1.350000000000000000e+02 3.200000000000000000e+01
1.350000000000000000e+02 6.500000000000000000e+01
1.350000000000000000e+02 5.100000000000000000e+01
1.360000000000000000e+02 5.100000000000000000e+01
1.360000000000000000e+02 4.400000000000000000e+01
1.370000000000000000e+02 2.700000000000000000e+01
1.370000000000000000e+02 4.400000000000000000e+01
1.370000000000000000e+02 3.900000000000000000e+01
1.370000000000000000e+02 2.400000000000000000e+01
1.380000000000000000e+02 1.900000000000000000e+01
1.380000000000000000e+02 4.100000000000000000e+01
1.380000000000000000e+02 6.600000000000000000e+01
1.380000000000000000e+02 4.900000000000000000e+01
1.400000000000000000e+02 3.000000000000000000e+01
1.410000000000000000e+02 2.100000000000000000e+01
1.420000000000000000e+02 3.800000000000000000e+01
1.420000000000000000e+02 5.200000000000000000e+01
1.450000000000000000e+02 4.200000000000000000e+01
1.450000000000000000e+02 3.400000000000000000e+01
1.450000000000000000e+02 2.700000000000000000e+01
1.460000000000000000e+02 5.600000000000000000e+01
1.460000000000000000e+02 4.800000000000000000e+01
1.470000000000000000e+02 3.600000000000000000e+01
1.470000000000000000e+02 4.200000000000000000e+01
1.470000000000000000e+02 5.200000000000000000e+01
1.470000000000000000e+02 2.000000000000000000e+01
1.480000000000000000e+02 4.000000000000000000e+01
1.480000000000000000e+02 4.700000000000000000e+01
1.500000000000000000e+02 5.300000000000000000e+01
1.510000000000000000e+02 3.200000000000000000e+01
1.530000000000000000e+02 5.100000000000000000e+01
1.530000000000000000e+02 2.400000000000000000e+01
1.540000000000000000e+02 4.500000000000000000e+01
1.550000000000000000e+02 3.500000000000000000e+01
1.720000000000000000e+02 2.530000000000000000e+02
1.730000000000000000e+02 2.300000000000000000e+02
1.760000000000000000e+02 2.450000000000000000e+02
1.760000000000000000e+02 2.680000000000000000e+02
1.790000000000000000e+02 2.390000000000000000e+02
1.790000000000000000e+02 2.240000000000000000e+02
1.790000000000000000e+02 2.150000000000000000e+02
1.810000000000000000e+02 2.340000000000000000e+02
1.820000000000000000e+02 2.620000000000000000e+02
1.820000000000000000e+02 2.640000000000000000e+02
1.820000000000000000e+02 2.330000000000000000e+02
1.830000000000000000e+02 2.450000000000000000e+02
1.830000000000000000e+02 2.730000000000000000e+02
1.830000000000000000e+02 2.350000000000000000e+02
1.840000000000000000e+02 2.640000000000000000e+02
1.840000000000000000e+02 2.090000000000000000e+02
1.840000000000000000e+02 2.550000000000000000e+02
1.850000000000000000e+02 2.210000000000000000e+02
1.850000000000000000e+02 2.530000000000000000e+02
1.860000000000000000e+02 2.120000000000000000e+02
1.860000000000000000e+02 2.330000000000000000e+02
1.870000000000000000e+02 2.650000000000000000e+02
1.870000000000000000e+02 2.270000000000000000e+02
1.870000000000000000e+02 2.380000000000000000e+02
1.870000000000000000e+02 2.250000000000000000e+02
1.880000000000000000e+02 2.550000000000000000e+02
1.880000000000000000e+02 2.480000000000000000e+02
1.880000000000000000e+02 2.330000000000000000e+02
1.880000000000000000e+02 2.460000000000000000e+02
1.880000000000000000e+02 2.250000000000000000e+02
1.890000000000000000e+02 2.200000000000000000e+02
1.890000000000000000e+02 2.630000000000000000e+02
1.890000000000000000e+02 2.290000000000000000e+02
1.890000000000000000e+02 2.180000000000000000e+02
1.890000000000000000e+02 2.260000000000000000e+02
1.900000000000000000e+02 2.140000000000000000e+02
1.900000000000000000e+02 2.570000000000000000e+02
1.900000000000000000e+02 2.680000000000000000e+02
1.910000000000000000e+02 2.640000000000000000e+02
1.910000000000000000e+02 2.200000000000000000e+02
1.920000000000000000e+02 2.370000000000000000e+02
1.920000000000000000e+02 2.550000000000000000e+02
1.920000000000000000e+02 2.160000000000000000e+02
1.930000000000000000e+02 2.190000000000000000e+02
1.930000000000000000e+02 2.130000000000000000e+02
1.930000000000000000e+02 2.330000000000000000e+02
1.940000000000000000e+02 2.480000000000000000e+02
1.940000000000000000e+02 2.740000000000000000e+02
1.940000000000000000e+02 2.710000000000000000e+02
1.950000000000000000e+02 2.290000000000000000e+02
1.950000000000000000e+02 2.300000000000000000e+02
1.950000000000000000e+02 2.490000000000000000e+02
1.950000000000000000e+02 2.590000000000000000e+02
1.950000000000000000e+02 2.470000000000000000e+02
1.950000000000000000e+02 2.230000000000000000e+02
1.960000000000000000e+02 2.320000000000000000e+02
1.960000000000000000e+02 2.470000000000000000e+02
1.970000000000000000e+02 2.210000000000000000e+02
1.970000000000000000e+02 2.430000000000000000e+02
1.970000000000000000e+02 2.400000000000000000e+02
1.970000000000000000e+02 2.540000000000000000e+02
1.970000000000000000e+02 2.680000000000000000e+02
1.990000000000000000e+02 2.230000000000000000e+02
1.990000000000000000e+02 2.430000000000000000e+02
1.990000000000000000e+02 2.360000000000000000e+02
1.990000000000000000e+02 2.030000000000000000e+02
1.990000000000000000e+02 2.710000000000000000e+02
1.990000000000000000e+02 2.200000000000000000e+02
1.990000000000000000e+02 2.570000000000000000e+02
2.000000000000000000e+02 2.280000000000000000e+02
2.000000000000000000e+02 2.610000000000000000e+02
2.000000000000000000e+02 2.750000000000000000e+02
2.000000000000000000e+02 2.190000000000000000e+02
2.000000000000000000e+02 2.080000000000000000e+02
2.010000000000000000e+02 2.240000000000000000e+02
2.010000000000000000e+02 2.780000000000000000e+02
2.010000000000000000e+02 2.340000000000000000e+02
2.010000000000000000e+02 2.630000000000000000e+02
2.020000000000000000e+02 2.540000000000000000e+02
2.020000000000000000e+02 2.720000000000000000e+02
2.020000000000000000e+02 2.150000000000000000e+02
2.020000000000000000e+02 2.310000000000000000e+02
2.020000000000000000e+02 2.550000000000000000e+02
2.020000000000000000e+02 2.390000000000000000e+02
2.030000000000000000e+02 2.580000000000000000e+02
2.030000000000000000e+02 2.280000000000000000e+02
2.030000000000000000e+02 2.120000000000000000e+02
2.040000000000000000e+02 2.750000000000000000e+02
2.040000000000000000e+02 2.790000000000000000e+02
2.040000000000000000e+02 2.020000000000000000e+02
2.040000000000000000e+02 2.570000000000000000e+02
2.040000000000000000e+02 2.470000000000000000e+02
2.050000000000000000e+02 2.380000000000000000e+02
2.050000000000000000e+02 2.080000000000000000e+02
2.050000000000000000e+02 2.220000000000000000e+02
2.050000000000000000e+02 2.750000000000000000e+02
2.060000000000000000e+02 2.760000000000000000e+02
2.060000000000000000e+02 2.520000000000000000e+02
2.060000000000000000e+02 2.260000000000000000e+02
2.060000000000000000e+02 2.080000000000000000e+02
2.060000000000000000e+02 2.660000000000000000e+02
2.070000000000000000e+02 2.730000000000000000e+02
2.070000000000000000e+02 2.280000000000000000e+02
2.070000000000000000e+02 2.330000000000000000e+02
2.070000000000000000e+02 2.430000000000000000e+02
2.070000000000000000e+02 2.340000000000000000e+02
2.070000000000000000e+02 2.320000000000000000e+02
2.070000000000000000e+02 2.290000000000000000e+02
2.080000000000000000e+02 2.220000000000000000e+02
2.080000000000000000e+02 2.590000000000000000e+02
2.080000000000000000e+02 2.650000000000000000e+02
2.080000000000000000e+02 2.520000000000000000e+02
2.090000000000000000e+02 2.450000000000000000e+02
2.090000000000000000e+02 2.260000000000000000e+02
2.100000000000000000e+02 2.200000000000000000e+02
2.100000000000000000e+02 2.510000000000000000e+02
2.100000000000000000e+02 2.790000000000000000e+02
2.100000000000000000e+02 2.760000000000000000e+02
2.110000000000000000e+02 2.500000000000000000e+02
2.110000000000000000e+02 2.550000000000000000e+02
2.110000000000000000e+02 2.220000000000000000e+02
2.110000000000000000e+02 2.030000000000000000e+02
2.110000000000000000e+02 2.450000000000000000e+02
2.120000000000000000e+02 2.170000000000000000e+02
2.120000000000000000e+02 2.090000000000000000e+02
2.120000000000000000e+02 2.590000000000000000e+02
2.130000000000000000e+02 2.420000000000000000e+02
2.130000000000000000e+02 2.700000000000000000e+02
2.130000000000000000e+02 2.100000000000000000e+02
2.130000000000000000e+02 2.640000000000000000e+02
2.140000000000000000e+02 2.220000000000000000e+02
2.140000000000000000e+02 2.320000000000000000e+02
2.140000000000000000e+02 2.360000000000000000e+02
2.140000000000000000e+02 2.170000000000000000e+02
2.150000000000000000e+02 2.530000000000000000e+02
2.150000000000000000e+02 2.350000000000000000e+02
2.150000000000000000e+02 2.260000000000000000e+02
2.150000000000000000e+02 2.600000000000000000e+02
2.160000000000000000e+02 2.120000000000000000e+02
2.160000000000000000e+02 2.320000000000000000e+02
2.160000000000000000e+02 2.140000000000000000e+02
2.160000000000000000e+02 2.460000000000000000e+02
2.160000000000000000e+02 2.390000000000000000e+02
2.160000000000000000e+02 2.160000000000000000e+02
2.160000000000000000e+02 2.410000000000000000e+02
2.180000000000000000e+02 2.440000000000000000e+02
2.180000000000000000e+02 2.450000000000000000e+02
2.180000000000000000e+02 2.240000000000000000e+02
2.180000000000000000e+02 2.180000000000000000e+02
2.180000000000000000e+02 2.350000000000000000e+02
2.180000000000000000e+02 2.130000000000000000e+02
2.190000000000000000e+02 2.050000000000000000e+02
2.190000000000000000e+02 2.480000000000000000e+02
2.190000000000000000e+02 2.220000000000000000e+02
2.190000000000000000e+02 2.440000000000000000e+02
2.200000000000000000e+02 2.580000000000000000e+02
2.200000000000000000e+02 2.020000000000000000e+02
2.200000000000000000e+02 2.240000000000000000e+02
2.200000000000000000e+02 2.690000000000000000e+02
2.210000000000000000e+02 2.040000000000000000e+02
2.210000000000000000e+02 2.550000000000000000e+02
2.210000000000000000e+02 2.610000000000000000e+02
2.220000000000000000e+02 2.490000000000000000e+02
2.230000000000000000e+02 2.560000000000000000e+02
2.230000000000000000e+02 2.130000000000000000e+02
2.230000000000000000e+02 2.350000000000000000e+02
2.230000000000000000e+02 2.270000000000000000e+02
2.230000000000000000e+02 2.290000000000000000e+02
2.240000000000000000e+02 2.640000000000000000e+02
2.240000000000000000e+02 2.410000000000000000e+02
2.240000000000000000e+02 2.250000000000000000e+02
2.240000000000000000e+02 2.680000000000000000e+02
2.250000000000000000e+02 2.390000000000000000e+02
2.250000000000000000e+02 2.550000000000000000e+02
2.250000000000000000e+02 2.670000000000000000e+02
2.250000000000000000e+02 2.440000000000000000e+02
2.250000000000000000e+02 2.520000000000000000e+02
2.250000000000000000e+02 2.350000000000000000e+02
2.260000000000000000e+02 2.130000000000000000e+02
2.260000000000000000e+02 2.180000000000000000e+02
2.270000000000000000e+02 2.450000000000000000e+02
2.270000000000000000e+02 2.210000000000000000e+02
2.270000000000000000e+02 2.200000000000000000e+02
2.280000000000000000e+02 2.360000000000000000e+02
2.280000000000000000e+02 2.140000000000000000e+02
2.280000000000000000e+02 2.500000000000000000e+02
2.280000000000000000e+02 2.120000000000000000e+02
2.290000000000000000e+02 2.340000000000000000e+02
2.290000000000000000e+02 2.570000000000000000e+02
2.290000000000000000e+02 2.480000000000000000e+02
2.290000000000000000e+02 2.300000000000000000e+02
2.290000000000000000e+02 2.170000000000000000e+02
2.300000000000000000e+02 2.120000000000000000e+02
2.300000000000000000e+02 2.190000000000000000e+02
2.310000000000000000e+02 2.580000000000000000e+02
2.310000000000000000e+02 2.320000000000000000e+02
2.320000000000000000e+02 2.330000000000000000e+02
2.330000000000000000e+02 2.440000000000000000e+02
2.330000000000000000e+02 2.130000000000000000e+02
2.330000000000000000e+02 2.660000000000000000e+02
2.340000000000000000e+02 2.160000000000000000e+02
2.340000000000000000e+02 2.060000000000000000e+02
2.350000000000000000e+02 2.110000000000000000e+02
2.350000000000000000e+02 2.560000000000000000e+02
2.350000000000000000e+02 2.370000000000000000e+02
2.360000000000000000e+02 2.230000000000000000e+02
2.360000000000000000e+02 2.110000000000000000e+02
2.360000000000000000e+02 2.210000000000000000e+02
2.360000000000000000e+02 2.270000000000000000e+02
2.370000000000000000e+02 2.220000000000000000e+02
2.370000000000000000e+02 2.170000000000000000e+02
2.370000000000000000e+02 2.180000000000000000e+02
2.370000000000000000e+02 2.360000000000000000e+02
2.390000000000000000e+02 2.030000000000000000e+02
2.390000000000000000e+02 2.380000000000000000e+02
2.410000000000000000e+02 2.320000000000000000e+02
2.430000000000000000e+02 2.010000000000000000e+02
2.460000000000000000e+02 2.570000000000000000e+02
2.490000000000000000e+02 2.720000000000000000e+02
2.520000000000000000e+02 2.520000000000000000e+02
2.530000000000000000e+02 2.510000000000000000e+02
2.530000000000000000e+02 2.500000000000000000e+02
2.540000000000000000e+02 2.680000000000000000e+02
2.540000000000000000e+02 2.350000000000000000e+02
2.560000000000000000e+02 2.360000000000000000e+02
2.580000000000000000e+02 2.470000000000000000e+02
2.590000000000000000e+02 2.550000000000000000e+02
2.600000000000000000e+02 2.690000000000000000e+02
2.600000000000000000e+02 2.800000000000000000e+02
2.600000000000000000e+02 2.700000000000000000e+02
2.600000000000000000e+02 2.660000000000000000e+02
2.610000000000000000e+02 2.520000000000000000e+02
2.610000000000000000e+02 2.600000000000000000e+02
2.610000000000000000e+02 2.400000000000000000e+02
2.610000000000000000e+02 2.620000000000000000e+02
2.630000000000000000e+02 2.420000000000000000e+02
2.630000000000000000e+02 2.660000000000000000e+02
2.640000000000000000e+02 2.450000000000000000e+02
2.640000000000000000e+02 2.820000000000000000e+02
2.640000000000000000e+02 2.670000000000000000e+02
2.640000000000000000e+02 2.970000000000000000e+02
2.640000000000000000e+02 2.330000000000000000e+02
2.650000000000000000e+02 2.570000000000000000e+02
2.650000000000000000e+02 2.600000000000000000e+02
2.650000000000000000e+02 2.540000000000000000e+02
2.660000000000000000e+02 2.810000000000000000e+02
2.660000000000000000e+02 2.900000000000000000e+02
2.660000000000000000e+02 2.570000000000000000e+02
2.670000000000000000e+02 2.930000000000000000e+02
2.670000000000000000e+02 2.920000000000000000e+02
2.670000000000000000e+02 2.790000000000000000e+02
2.670000000000000000e+02 2.570000000000000000e+02
2.670000000000000000e+02 2.350000000000000000e+02
2.670000000000000000e+02 2.430000000000000000e+02
2.680000000000000000e+02 2.320000000000000000e+02
2.680000000000000000e+02 2.580000000000000000e+02
2.680000000000000000e+02 2.520000000000000000e+02
2.680000000000000000e+02 2.400000000000000000e+02
2.690000000000000000e+02 2.830000000000000000e+02
2.690000000000000000e+02 2.520000000000000000e+02
2.690000000000000000e+02 2.280000000000000000e+02
2.690000000000000000e+02 2.660000000000000000e+02
2.690000000000000000e+02 2.910000000000000000e+02
2.690000000000000000e+02 2.500000000000000000e+02
2.710000000000000000e+02 2.710000000000000000e+02
2.710000000000000000e+02 2.850000000000000000e+02
2.720000000000000000e+02 2.860000000000000000e+02
2.720000000000000000e+02 2.590000000000000000e+02
2.720000000000000000e+02 2.630000000000000000e+02
2.720000000000000000e+02 2.200000000000000000e+02
2.720000000000000000e+02 2.750000000000000000e+02
2.720000000000000000e+02 2.890000000000000000e+02
2.720000000000000000e+02 2.550000000000000000e+02
2.730000000000000000e+02 2.530000000000000000e+02
2.730000000000000000e+02 2.440000000000000000e+02
2.730000000000000000e+02 2.410000000000000000e+02
2.730000000000000000e+02 2.390000000000000000e+02
2.740000000000000000e+02 2.900000000000000000e+02
2.740000000000000000e+02 2.780000000000000000e+02
2.750000000000000000e+02 2.300000000000000000e+02
2.750000000000000000e+02 2.440000000000000000e+02
2.750000000000000000e+02 2.660000000000000000e+02
2.750000000000000000e+02 2.890000000000000000e+02
2.760000000000000000e+02 2.440000000000000000e+02
2.760000000000000000e+02 2.800000000000000000e+02
2.760000000000000000e+02 2.880000000000000000e+02
2.760000000000000000e+02 2.300000000000000000e+02
2.760000000000000000e+02 2.480000000000000000e+02
2.770000000000000000e+02 2.800000000000000000e+02
2.770000000000000000e+02 2.710000000000000000e+02
2.770000000000000000e+02 2.280000000000000000e+02
2.770000000000000000e+02 2.300000000000000000e+02
2.770000000000000000e+02 2.600000000000000000e+02
2.770000000000000000e+02 2.390000000000000000e+02
2.770000000000000000e+02 2.660000000000000000e+02
2.770000000000000000e+02 2.640000000000000000e+02
2.770000000000000000e+02 2.630000000000000000e+02
2.770000000000000000e+02 2.810000000000000000e+02
2.780000000000000000e+02 2.340000000000000000e+02
2.780000000000000000e+02 2.510000000000000000e+02
2.790000000000000000e+02 2.330000000000000000e+02
2.790000000000000000e+02 2.390000000000000000e+02
2.790000000000000000e+02 2.760000000000000000e+02
2.790000000000000000e+02 2.540000000000000000e+02
2.790000000000000000e+02 2.660000000000000000e+02
2.790000000000000000e+02 2.470000000000000000e+02
2.800000000000000000e+02 2.380000000000000000e+02
2.800000000000000000e+02 2.710000000000000000e+02
2.800000000000000000e+02 2.730000000000000000e+02
2.800000000000000000e+02 2.700000000000000000e+02
2.810000000000000000e+02 2.550000000000000000e+02
2.810000000000000000e+02 2.280000000000000000e+02
2.810000000000000000e+02 2.700000000000000000e+02
2.810000000000000000e+02 2.420000000000000000e+02
2.810000000000000000e+02 2.470000000000000000e+02
2.810000000000000000e+02 2.410000000000000000e+02
2.810000000000000000e+02 2.610000000000000000e+02
2.810000000000000000e+02 2.630000000000000000e+02
2.820000000000000000e+02 2.280000000000000000e+02
2.820000000000000000e+02 2.550000000000000000e+02
2.820000000000000000e+02 2.290000000000000000e+02
2.820000000000000000e+02 2.740000000000000000e+02
2.820000000000000000e+02 2.480000000000000000e+02
2.820000000000000000e+02 2.220000000000000000e+02
2.820000000000000000e+02 2.600000000000000000e+02
2.830000000000000000e+02 2.320000000000000000e+02
2.830000000000000000e+02 2.670000000000000000e+02
2.830000000000000000e+02 2.560000000000000000e+02
2.830000000000000000e+02 2.180000000000000000e+02
2.830000000000000000e+02 2.640000000000000000e+02
2.840000000000000000e+02 2.270000000000000000e+02
2.840000000000000000e+02 2.580000000000000000e+02
2.840000000000000000e+02 2.570000000000000000e+02
2.840000000000000000e+02 2.210000000000000000e+02
2.850000000000000000e+02 2.560000000000000000e+02
2.850000000000000000e+02 2.760000000000000000e+02
2.850000000000000000e+02 2.610000000000000000e+02
2.850000000000000000e+02 2.400000000000000000e+02
2.850000000000000000e+02 2.830000000000000000e+02
2.870000000000000000e+02 2.530000000000000000e+02
2.870000000000000000e+02 2.720000000000000000e+02
2.870000000000000000e+02 2.270000000000000000e+02
2.870000000000000000e+02 2.330000000000000000e+02
2.870000000000000000e+02 2.540000000000000000e+02
2.870000000000000000e+02 2.840000000000000000e+02
2.880000000000000000e+02 2.810000000000000000e+02
2.880000000000000000e+02 2.330000000000000000e+02
2.880000000000000000e+02 2.410000000000000000e+02
2.880000000000000000e+02 2.270000000000000000e+02
2.880000000000000000e+02 2.760000000000000000e+02
2.880000000000000000e+02 2.800000000000000000e+02
2.880000000000000000e+02 2.520000000000000000e+02
2.890000000000000000e+02 2.250000000000000000e+02
2.890000000000000000e+02 2.340000000000000000e+02
2.890000000000000000e+02 2.510000000000000000e+02
2.890000000000000000e+02 2.290000000000000000e+02
2.890000000000000000e+02 2.820000000000000000e+02
2.890000000000000000e+02 2.370000000000000000e+02
2.900000000000000000e+02 2.720000000000000000e+02
2.900000000000000000e+02 2.340000000000000000e+02
2.900000000000000000e+02 2.250000000000000000e+02
2.900000000000000000e+02 2.420000000000000000e+02
2.900000000000000000e+02 2.320000000000000000e+02
2.900000000000000000e+02 2.110000000000000000e+02
2.900000000000000000e+02 2.260000000000000000e+02
2.910000000000000000e+02 2.210000000000000000e+02
2.910000000000000000e+02 2.510000000000000000e+02
2.910000000000000000e+02 2.550000000000000000e+02
2.910000000000000000e+02 2.450000000000000000e+02
2.920000000000000000e+02 2.250000000000000000e+02
2.920000000000000000e+02 2.690000000000000000e+02
2.920000000000000000e+02 2.830000000000000000e+02
2.920000000000000000e+02 2.590000000000000000e+02
2.920000000000000000e+02 2.390000000000000000e+02
2.930000000000000000e+02 9.600000000000000000e+01
2.930000000000000000e+02 2.740000000000000000e+02
2.930000000000000000e+02 2.660000000000000000e+02
2.930000000000000000e+02 2.220000000000000000e+02
2.930000000000000000e+02 2.190000000000000000e+02
2.940000000000000000e+02 2.610000000000000000e+02
2.940000000000000000e+02 2.430000000000000000e+02
2.950000000000000000e+02 2.660000000000000000e+02
2.950000000000000000e+02 2.400000000000000000e+02
2.950000000000000000e+02 9.200000000000000000e+01
2.950000000000000000e+02 2.420000000000000000e+02
2.950000000000000000e+02 2.750000000000000000e+02
2.950000000000000000e+02 2.380000000000000000e+02
2.950000000000000000e+02 2.240000000000000000e+02
2.960000000000000000e+02 2.790000000000000000e+02
2.960000000000000000e+02 2.590000000000000000e+02
2.960000000000000000e+02 2.170000000000000000e+02
2.970000000000000000e+02 2.650000000000000000e+02
2.970000000000000000e+02 2.330000000000000000e+02
2.970000000000000000e+02 7.200000000000000000e+01
2.970000000000000000e+02 5.900000000000000000e+01
2.980000000000000000e+02 2.420000000000000000e+02
2.980000000000000000e+02 2.250000000000000000e+02
2.980000000000000000e+02 8.700000000000000000e+01
2.980000000000000000e+02 2.290000000000000000e+02
2.980000000000000000e+02 2.520000000000000000e+02
2.980000000000000000e+02 2.660000000000000000e+02
2.980000000000000000e+02 2.400000000000000000e+02
2.980000000000000000e+02 2.350000000000000000e+02
2.990000000000000000e+02 2.480000000000000000e+02
3.000000000000000000e+02 1.050000000000000000e+02
3.000000000000000000e+02 2.490000000000000000e+02
3.000000000000000000e+02 9.600000000000000000e+01
3.000000000000000000e+02 2.340000000000000000e+02
3.000000000000000000e+02 2.330000000000000000e+02
3.000000000000000000e+02 2.620000000000000000e+02
3.000000000000000000e+02 2.540000000000000000e+02
3.000000000000000000e+02 2.370000000000000000e+02
3.000000000000000000e+02 2.530000000000000000e+02
3.000000000000000000e+02 9.900000000000000000e+01
3.000000000000000000e+02 8.600000000000000000e+01
3.010000000000000000e+02 2.630000000000000000e+02
3.010000000000000000e+02 2.360000000000000000e+02
3.010000000000000000e+02 8.800000000000000000e+01
3.010000000000000000e+02 2.580000000000000000e+02
3.010000000000000000e+02 2.560000000000000000e+02
3.010000000000000000e+02 7.100000000000000000e+01
3.010000000000000000e+02 9.300000000000000000e+01
3.020000000000000000e+02 2.660000000000000000e+02
3.020000000000000000e+02 2.140000000000000000e+02
3.020000000000000000e+02 9.700000000000000000e+01
3.020000000000000000e+02 2.460000000000000000e+02
3.020000000000000000e+02 2.690000000000000000e+02
3.030000000000000000e+02 2.480000000000000000e+02
3.030000000000000000e+02 2.300000000000000000e+02
3.030000000000000000e+02 1.060000000000000000e+02
3.030000000000000000e+02 2.410000000000000000e+02
3.030000000000000000e+02 2.320000000000000000e+02
3.040000000000000000e+02 2.250000000000000000e+02
3.040000000000000000e+02 7.800000000000000000e+01
3.040000000000000000e+02 2.300000000000000000e+02
3.040000000000000000e+02 2.460000000000000000e+02
3.040000000000000000e+02 2.630000000000000000e+02
3.050000000000000000e+02 2.370000000000000000e+02
3.050000000000000000e+02 8.200000000000000000e+01
3.050000000000000000e+02 6.400000000000000000e+01
3.050000000000000000e+02 2.750000000000000000e+02
3.050000000000000000e+02 2.350000000000000000e+02
3.050000000000000000e+02 2.570000000000000000e+02
3.050000000000000000e+02 2.220000000000000000e+02
3.050000000000000000e+02 2.520000000000000000e+02
3.060000000000000000e+02 8.600000000000000000e+01
3.060000000000000000e+02 2.560000000000000000e+02
3.060000000000000000e+02 1.200000000000000000e+02
3.060000000000000000e+02 8.100000000000000000e+01
3.060000000000000000e+02 2.650000000000000000e+02
3.060000000000000000e+02 2.260000000000000000e+02
3.070000000000000000e+02 2.650000000000000000e+02
3.070000000000000000e+02 1.090000000000000000e+02
3.070000000000000000e+02 2.460000000000000000e+02
3.070000000000000000e+02 2.610000000000000000e+02
3.070000000000000000e+02 8.400000000000000000e+01
3.070000000000000000e+02 1.140000000000000000e+02
3.080000000000000000e+02 2.430000000000000000e+02
3.080000000000000000e+02 2.570000000000000000e+02
3.080000000000000000e+02 2.540000000000000000e+02
3.090000000000000000e+02 8.600000000000000000e+01
3.090000000000000000e+02 1.070000000000000000e+02
3.090000000000000000e+02 2.320000000000000000e+02
3.090000000000000000e+02 8.700000000000000000e+01
3.090000000000000000e+02 6.400000000000000000e+01
3.100000000000000000e+02 9.300000000000000000e+01
3.100000000000000000e+02 2.690000000000000000e+02
3.100000000000000000e+02 2.360000000000000000e+02
3.100000000000000000e+02 1.160000000000000000e+02
3.110000000000000000e+02 1.080000000000000000e+02
3.110000000000000000e+02 6.600000000000000000e+01
3.110000000000000000e+02 9.700000000000000000e+01
3.110000000000000000e+02 2.430000000000000000e+02
3.110000000000000000e+02 7.300000000000000000e+01
3.120000000000000000e+02 2.420000000000000000e+02
3.120000000000000000e+02 2.550000000000000000e+02
3.120000000000000000e+02 8.400000000000000000e+01
3.120000000000000000e+02 6.200000000000000000e+01
3.120000000000000000e+02 7.100000000000000000e+01
3.130000000000000000e+02 2.510000000000000000e+02
3.130000000000000000e+02 1.110000000000000000e+02
3.140000000000000000e+02 2.170000000000000000e+02
3.140000000000000000e+02 5.600000000000000000e+01
3.140000000000000000e+02 9.000000000000000000e+01
3.140000000000000000e+02 7.200000000000000000e+01
3.150000000000000000e+02 7.200000000000000000e+01
3.150000000000000000e+02 1.220000000000000000e+02
3.150000000000000000e+02 2.470000000000000000e+02
3.150000000000000000e+02 7.900000000000000000e+01
3.150000000000000000e+02 2.530000000000000000e+02
3.160000000000000000e+02 6.400000000000000000e+01
3.160000000000000000e+02 9.100000000000000000e+01
3.160000000000000000e+02 7.100000000000000000e+01
3.160000000000000000e+02 2.410000000000000000e+02
3.160000000000000000e+02 8.300000000000000000e+01
3.160000000000000000e+02 7.800000000000000000e+01
3.160000000000000000e+02 5.500000000000000000e+01
3.170000000000000000e+02 2.250000000000000000e+02
3.170000000000000000e+02 5.800000000000000000e+01
3.170000000000000000e+02 9.600000000000000000e+01
3.170000000000000000e+02 7.300000000000000000e+01
3.170000000000000000e+02 2.290000000000000000e+02
3.170000000000000000e+02 2.430000000000000000e+02
3.180000000000000000e+02 6.200000000000000000e+01
3.180000000000000000e+02 7.100000000000000000e+01
3.180000000000000000e+02 5.700000000000000000e+01
3.190000000000000000e+02 8.600000000000000000e+01
3.190000000000000000e+02 6.500000000000000000e+01
3.190000000000000000e+02 2.280000000000000000e+02
3.190000000000000000e+02 2.390000000000000000e+02
3.190000000000000000e+02 2.610000000000000000e+02
3.190000000000000000e+02 7.900000000000000000e+01
3.190000000000000000e+02 5.800000000000000000e+01
3.200000000000000000e+02 6.600000000000000000e+01
3.200000000000000000e+02 1.130000000000000000e+02
3.200000000000000000e+02 5.100000000000000000e+01
3.200000000000000000e+02 8.900000000000000000e+01
3.200000000000000000e+02 9.000000000000000000e+01
3.210000000000000000e+02 2.440000000000000000e+02
3.210000000000000000e+02 7.700000000000000000e+01
3.210000000000000000e+02 6.900000000000000000e+01
3.210000000000000000e+02 6.800000000000000000e+01
3.210000000000000000e+02 1.040000000000000000e+02
3.220000000000000000e+02 8.200000000000000000e+01
3.220000000000000000e+02 7.600000000000000000e+01
3.220000000000000000e+02 7.200000000000000000e+01
3.220000000000000000e+02 2.350000000000000000e+02
3.220000000000000000e+02 5.300000000000000000e+01
3.230000000000000000e+02 6.100000000000000000e+01
3.230000000000000000e+02 7.100000000000000000e+01
3.230000000000000000e+02 6.300000000000000000e+01
3.230000000000000000e+02 8.900000000000000000e+01
3.230000000000000000e+02 9.100000000000000000e+01
3.230000000000000000e+02 9.400000000000000000e+01
3.240000000000000000e+02 6.400000000000000000e+01
3.240000000000000000e+02 5.400000000000000000e+01
3.240000000000000000e+02 8.700000000000000000e+01
3.250000000000000000e+02 9.200000000000000000e+01
3.250000000000000000e+02 1.190000000000000000e+02
3.250000000000000000e+02 1.090000000000000000e+02
3.260000000000000000e+02 7.500000000000000000e+01
3.260000000000000000e+02 7.100000000000000000e+01
3.260000000000000000e+02 7.600000000000000000e+01
3.260000000000000000e+02 6.000000000000000000e+01
3.260000000000000000e+02 9.700000000000000000e+01
3.270000000000000000e+02 9.700000000000000000e+01
3.270000000000000000e+02 5.100000000000000000e+01
3.270000000000000000e+02 5.400000000000000000e+01
3.270000000000000000e+02 1.080000000000000000e+02
3.270000000000000000e+02 7.100000000000000000e+01
3.280000000000000000e+02 5.400000000000000000e+01
3.280000000000000000e+02 7.600000000000000000e+01
3.280000000000000000e+02 8.000000000000000000e+01
3.280000000000000000e+02 4.900000000000000000e+01
3.290000000000000000e+02 8.200000000000000000e+01
3.300000000000000000e+02 9.800000000000000000e+01
3.300000000000000000e+02 4.300000000000000000e+01
3.300000000000000000e+02 1.200000000000000000e+02
3.300000000000000000e+02 5.700000000000000000e+01
3.310000000000000000e+02 5.500000000000000000e+01
3.310000000000000000e+02 9.700000000000000000e+01
3.310000000000000000e+02 7.400000000000000000e+01
3.320000000000000000e+02 1.080000000000000000e+02
3.320000000000000000e+02 1.000000000000000000e+02
3.320000000000000000e+02 9.200000000000000000e+01
3.320000000000000000e+02 5.500000000000000000e+01
3.330000000000000000e+02 6.600000000000000000e+01
3.330000000000000000e+02 1.030000000000000000e+02
3.330000000000000000e+02 8.900000000000000000e+01
3.340000000000000000e+02 1.140000000000000000e+02
3.340000000000000000e+02 5.300000000000000000e+01
3.340000000000000000e+02 5.900000000000000000e+01
3.350000000000000000e+02 9.600000000000000000e+01
3.350000000000000000e+02 6.200000000000000000e+01
3.350000000000000000e+02 8.100000000000000000e+01
3.350000000000000000e+02 9.300000000000000000e+01
3.350000000000000000e+02 6.100000000000000000e+01
3.350000000000000000e+02 5.300000000000000000e+01
3.350000000000000000e+02 5.700000000000000000e+01
3.360000000000000000e+02 9.000000000000000000e+01
3.360000000000000000e+02 4.200000000000000000e+01
3.360000000000000000e+02 8.600000000000000000e+01
3.360000000000000000e+02 5.000000000000000000e+01
3.370000000000000000e+02 7.100000000000000000e+01
3.380000000000000000e+02 5.500000000000000000e+01
3.380000000000000000e+02 8.200000000000000000e+01
3.380000000000000000e+02 6.100000000000000000e+01
3.380000000000000000e+02 1.140000000000000000e+02
3.390000000000000000e+02 4.800000000000000000e+01
3.390000000000000000e+02 1.010000000000000000e+02
3.390000000000000000e+02 8.700000000000000000e+01
3.390000000000000000e+02 5.100000000000000000e+01
3.390000000000000000e+02 7.100000000000000000e+01
3.390000000000000000e+02 1.020000000000000000e+02
3.390000000000000000e+02 6.800000000000000000e+01
3.400000000000000000e+02 1.130000000000000000e+02
3.400000000000000000e+02 5.300000000000000000e+01
3.410000000000000000e+02 6.200000000000000000e+01
3.410000000000000000e+02 5.200000000000000000e+01
3.410000000000000000e+02 1.000000000000000000e+02
3.410000000000000000e+02 1.010000000000000000e+02
3.420000000000000000e+02 7.600000000000000000e+01
3.430000000000000000e+02 9.200000000000000000e+01
3.430000000000000000e+02 9.600000000000000000e+01
3.430000000000000000e+02 9.700000000000000000e+01
3.430000000000000000e+02 1.010000000000000000e+02
3.430000000000000000e+02 9.300000000000000000e+01
3.440000000000000000e+02 8.500000000000000000e+01
3.440000000000000000e+02 7.600000000000000000e+01
3.440000000000000000e+02 4.900000000000000000e+01
3.440000000000000000e+02 6.300000000000000000e+01
3.440000000000000000e+02 5.600000000000000000e+01
3.440000000000000000e+02 4.700000000000000000e+01
3.440000000000000000e+02 9.900000000000000000e+01
3.450000000000000000e+02 5.900000000000000000e+01
3.450000000000000000e+02 5.400000000000000000e+01
3.460000000000000000e+02 8.300000000000000000e+01
3.470000000000000000e+02 1.060000000000000000e+02
3.470000000000000000e+02 5.100000000000000000e+01
3.480000000000000000e+02 6.700000000000000000e+01
3.480000000000000000e+02 7.600000000000000000e+01
3.490000000000000000e+02 7.500000000000000000e+01
3.490000000000000000e+02 5.300000000000000000e+01
3.490000000000000000e+02 4.600000000000000000e+01
3.500000000000000000e+02 6.900000000000000000e+01
3.500000000000000000e+02 5.200000000000000000e+01
3.500000000000000000e+02 5.600000000000000000e+01
3.520000000000000000e+02 6.700000000000000000e+01
3.520000000000000000e+02 3.500000000000000000e+01
3.520000000000000000e+02 1.030000000000000000e+02
3.530000000000000000e+02 7.500000000000000000e+01
3.530000000000000000e+02 4.200000000000000000e+01
3.540000000000000000e+02 3.600000000000000000e+01
3.550000000000000000e+02 5.900000000000000000e+01
3.550000000000000000e+02 6.000000000000000000e+01
3.550000000000000000e+02 8.600000000000000000e+01
3.560000000000000000e+02 9.200000000000000000e+01
3.560000000000000000e+02 3.100000000000000000e+01
3.560000000000000000e+02 9.700000000000000000e+01
3.560000000000000000e+02 9.400000000000000000e+01
3.570000000000000000e+02 5.500000000000000000e+01
3.580000000000000000e+02 8.300000000000000000e+01
3.580000000000000000e+02 5.500000000000000000e+01
3.590000000000000000e+02 3.500000000000000000e+01
3.590000000000000000e+02 7.800000000000000000e+01
3.600000000000000000e+02 5.400000000000000000e+01
3.610000000000000000e+02 5.600000000000000000e+01
3.610000000000000000e+02 8.400000000000000000e+01
3.620000000000000000e+02 6.700000000000000000e+01
3.620000000000000000e+02 7.600000000000000000e+01
3.620000000000000000e+02 7.000000000000000000e+01
3.630000000000000000e+02 5.500000000000000000e+01
3.630000000000000000e+02 7.100000000000000000e+01
3.630000000000000000e+02 3.900000000000000000e+01
3.640000000000000000e+02 5.300000000000000000e+01
3.640000000000000000e+02 5.600000000000000000e+01
3.640000000000000000e+02 5.800000000000000000e+01
3.650000000000000000e+02 6.700000000000000000e+01
3.690000000000000000e+02 7.900000000000000000e+01
2.847639050993635692e+02 2.178798269588824041e+02
6.732203065621125404e+01 1.099081313292192732e+02
2.115131849766073628e+02 1.653509564242834813e+02
2.008151663833529881e+02 1.379641282301191154e+02
1.959518174918382840e+02 1.550261520913312268e+02
1.572086777930817334e+02 1.662791804268169358e+02
3.151052196422904785e+02 1.830088644367552035e+02
2.915415784496756260e+02 3.871356616248683480e+01
1.018906728438486908e+02 1.048151765165043656e+02
3.385989265297039879e+02 6.209034261655433795e+01
3.462850265195745010e+02 9.360959262118730351e+01
3.417252448096006674e+02 1.901063246594372629e+02
8.733942402503367930e+01 7.080896024114008469e+01
2.961967166495646779e+02 2.534643342811422997e+02
3.317428145772598214e+02 6.743974609150863841e+01
1.617946265650440978e+02 2.208621094331853740e+01
2.036062062028550486e+02 1.245669023201645160e+02
1.253836468905354877e+02 2.509346704748404022e+02
2.960271393505665287e+02 1.248394494765666281e+02
3.357658075826059871e+02 9.479599537009278265e+01
1.706698116429293179e+02 2.808368343826822411e+02
1.585047455901013791e+02 2.485569678269184521e+02
2.318558891959024777e+02 2.321594739071507547e+02
1.983061862161326872e+02 3.739760553000855481e+01
2.414274464793109019e+02 1.752449968379514189e+02
9.135454758453808211e+01 1.277510567343236119e+02
3.020123446876148705e+02 2.186791659329432775e+02
4.837228644031784341e+01 1.202193958688500004e+02
6.512896393768841108e+01 1.901181099400972130e+02
2.290412302164418747e+02 1.262722954271021507e+02
1.212899505846315691e+02 6.852520240124619022e+01
2.148730552320917013e+02 1.541522566583082892e+02
2.741430363466916447e+02 1.106207966917122718e+02
1.063043187950448214e+02 2.415534912391428009e+02
2.260271262560329433e+02 1.439872917568490607e+02
3.377256537236178247e+02 5.099682833089022438e+01
2.566256785731613945e+02 3.053781603557824198e+01
5.329831704010174320e+01 2.059235185619149604e+02
3.128215946271898247e+02 2.212670310858726737e+02
1.956480914458551297e+02 1.551055710838368498e+02
2.863373603023551368e+02 9.539162711233883840e+01
2.560520253112025557e+02 9.451155559187989752e+01
7.992762712622121057e+01 6.748919306218679992e+01
2.952934447668117173e+02 2.200600065567450372e+02
1.111321567949497791e+02 3.806038297785608648e+01
1.031563293782743642e+02 1.176023519401194477e+02
1.470715960599154073e+02 2.717890937968900857e+02
3.216883347070624382e+02 5.135981600784015910e+01
1.674709873600459673e+02 1.920862324033665800e+02
9.068336951542795532e+01 2.622466900630410009e+02
2.374076275024527547e+02 1.036423908037890271e+02
2.865810578047898503e+02 1.546342790674860908e+02
1.819825863693923793e+02 5.347773868689606047e+01
2.583369288729098798e+02 1.267717894689652809e+02
1.962706052983513700e+02 2.969615208995596163e+02
2.789418025366652500e+02 1.757206432055769199e+02
1.038478075702573022e+02 1.963879921056789328e+02
1.225111668335147641e+02 2.618059313432924000e+02
1.316948311620158165e+02 2.215581906268130865e+02
2.351249840008828187e+02 2.795851406264167167e+02
3.614006142378235609e+02 5.581086191635881022e+01
3.394956809341991857e+02 5.125356104839839588e+01
1.831827275784345943e+02 1.708276577524256652e+02
1.956277939501527783e+02 1.758269823040870392e+02
3.297193629274892714e+02 8.634377618298698565e+01
1.354952094275815284e+02 1.629762533934167266e+02
2.537910893287459544e+02 7.648695464335312977e+01
1.444056132973138915e+02 2.285732716549559882e+02
3.535728999857925032e+02 2.273217761455125867e+02
1.154483372024986636e+02 2.820017001672888455e+02
8.516439229149517587e+01 8.982312726116913382e+01
1.322939482524139692e+02 1.798926372655350008e+02
3.250054127339447518e+02 2.958228049837134677e+02
1.294922112965400061e+02 2.058034114800294390e+02
5.841733311056739808e+01 9.119336619581822845e+01
2.276756744905932806e+02 2.985198087857597926e+01
2.964414650831699305e+02 6.339578046682376566e+01
3.504268936206390777e+02 2.512559630748559414e+01
1.074930264876003321e+02 1.858741682800359456e+02
6.716982642425620043e+01 1.673796720959878996e+02
2.577190103784445796e+02 1.028423776232721281e+02
3.438471496882550582e+02 1.897789299910176624e+02
2.444730780083688444e+02 3.156665754849645467e+01
5.458768178995824627e+01 5.362128808063573615e+01
3.633617449143583826e+02 2.462155149603268285e+02
6.800614705261850190e+01 1.745078975222681095e+02
2.525114713123839749e+02 4.454288651922260556e+01
3.612153863870114492e+02 8.967523958230148651e+01
2.282737949653395901e+02 1.335371015391526157e+02
1.513570001380269900e+02 2.356342682359560570e+02
2.034072209400086990e+02 1.102011059872765202e+02
9.467976695103538987e+01 1.080309134604089962e+02
2.748218214327988562e+02 1.950704136876136374e+02
2.774553382585280588e+02 5.904766297678755649e+01
2.503516757851640477e+02 6.056703544933238703e+01
3.252050617763017044e+02 2.640686294159645513e+02
1.113177665174885931e+02 2.000071288936585390e+01
3.567973593995922101e+02 1.462937458361637368e+02
1.706432598970998811e+02 2.144835787189900600e+01
9.299167978174298810e+01 2.328510983618930297e+01
1.578515054636196169e+02 2.565668060406318318e+02
8.013529415579192516e+01 8.897614547537583007e+01
3.334203851728025825e+02 2.689496636415452713e+02
2.931394279777775864e+02 2.524267045779871808e+02
1.700121181051159454e+02 7.449778238227503380e+01
3.586654854020898142e+02 2.801299007662158829e+02
2.838441240715342246e+02 1.180985561859156547e+02
1.888280515285354397e+02 1.229893457029605486e+02
7.367351428968072469e+01 7.578004847970345281e+01
2.483739956339970263e+02 2.861802121056762189e+02
3.420221854872024210e+02 1.031240894029568267e+02
1.198944974923932847e+02 2.735122735930362978e+02
2.804206017513960774e+02 1.243092850662374929e+02
1.228903223671624829e+02 8.060101914292771141e+01
1.168523767373120279e+02 2.566886431133296043e+01
1.965375809261727511e+02 2.802186474733103410e+02
2.916625018533998173e+02 8.602819612666782234e+01
2.168166098951736274e+02 2.172898179760049686e+02
5.808714264819757034e+01 2.932400700953544970e+02
1.774656008336282866e+02 1.172776009331718257e+02
1.917846620853722470e+02 2.461997084258469499e+02
2.381293890511036864e+02 1.071602038983407965e+02
1.530855775142968582e+02 2.385710128107497781e+02
2.921182174712021151e+02 1.593900732005054408e+02
7.387145476346654505e+01 1.978278432801567419e+02
2.121803176587339124e+02 2.193514314030258561e+02
3.173886295726081812e+02 1.114237230120168647e+02
3.142639177808039790e+02 2.560062395096041996e+02
1.424002257315001430e+02 2.313071504240992340e+02
3.494999903725453123e+02 1.972514638223000532e+02
3.043482412987238490e+02 2.641158955870339469e+02
5.593536073688184729e+01 1.673493708397639637e+02
1.273321298200069123e+02 1.467868439524822577e+02
3.531306787086696204e+02 9.332962156651321095e+01
2.716433387691185430e+02 2.879720233507757143e+02
8.957125858255479045e+01 1.347694733424594915e+02
7.593538332077571340e+01 6.144126118862548225e+01
5.788327283497546460e+01 2.084345591387557306e+02
9.822321629101116969e+01 8.344942092619258744e+01
2.905637954602823925e+02 1.681476344703291090e+02
2.530326843633253020e+02 2.959958738726998035e+02
2.750053237679939002e+02 7.772075754706486350e+01
2.181192869923527269e+02 2.465875164403750261e+02
2.834532952991703496e+02 3.905943942569888350e+01
2.968356964127686979e+02 1.888634831597244954e+02
6.569757473132220582e+01 1.534090717761692986e+02
2.356143613798211618e+02 6.154506130715178358e+01
3.306812346733592562e+02 5.562440421513341704e+01
1.957680626139353421e+02 2.962359422786691994e+02
2.022998907197237202e+02 1.497296863180359594e+02
5.170153256565745892e+01 2.571540793188841008e+02
1.641360732247457008e+02 1.026006835727825290e+02
8.870843899165578250e+01 6.501323492705827789e+01
3.057227836813019053e+02 1.977726928748174089e+02
9.849576198286774797e+01 2.943317747611046542e+01
3.616065380767854549e+02 3.530878300034002848e+01
1.773340916138569696e+02 1.502988061931818891e+02
2.491992461270070294e+02 1.652443453943465386e+02
2.847378408842758972e+02 1.728313478097410609e+02
1.302344869447062479e+02 1.633257766568989950e+02
3.456897325411391080e+02 1.913529339915693299e+02
2.222634058278396196e+02 2.814059797492718076e+02
2.836408263178603875e+02 3.639469684409045414e+01
2.943941903827224564e+02 1.234893946408944458e+02
3.289960204667553398e+02 5.874892685025258743e+01
3.402057266425837838e+02 7.976769683386520171e+01
3.550425699013258622e+02 2.291385108317090271e+02
1.587062185626870701e+02 6.081636447715163740e+01
1.121890909810084480e+02 2.130704984634148786e+02
1.123166558581345811e+02 1.818669414796891601e+02
5.757612110314582310e+01 1.259587713115135301e+02
3.554103431048501420e+02 1.668014845730295121e+02
1.091368051434370443e+02 2.178284168780641323e+02
2.663129674183931002e+02 2.530765859569490601e+02
1.234497802690705868e+02 1.488712854451796943e+02
